  5.5160380e-001
  5.9031284e-001
  6.2902188e-001
  6.6773093e-001
  7.0643996e-001
  7.4514900e-001
  7.8385804e-001
  8.2256708e-001
  8.6127611e-001
  8.9998515e-001
  9.2861368e-001
  9.4716179e-001
  9.6570990e-001
  9.8425792e-001
  1.0028060e+000
  1.0211928e+000
  1.0399022e+000
  1.0584503e+000
  1.0769984e+000
  1.0955465e+000
  1.1056269e+000
  1.1072398e+000
  1.1088527e+000
  1.1104656e+000
  1.1120784e+000
  1.1136913e+000
  1.1153042e+000
  1.1169170e+000
  1.1185299e+000
  1.1201428e+000
  1.1185299e+000
  1.1136913e+000
  1.1088527e+000
  1.1040141e+000
  1.0991755e+000
  1.0943368e+000
  1.0894981e+000
  1.0846595e+000
  1.0798209e+000
  1.0749823e+000
  1.0611115e+000
  1.0382087e+000
  1.0153058e+000
  9.9240301e-001
  9.6958081e-001

