  9.9898150e-001
  9.9885600e-001
  9.9885400e-001
  9.9881600e-001
  9.9879200e-001
  9.9882950e-001
  9.9877950e-001
  9.9870950e-001
  9.9861500e-001
  9.9850650e-001
  9.9839450e-001
  9.9823300e-001
  9.9819300e-001
  9.9812450e-001
  9.9805150e-001
  9.9801450e-001
  9.9800000e-001
  9.9797350e-001
  9.9794500e-001
  9.9790550e-001
  9.9783700e-001
  9.9775350e-001
  9.9768500e-001
  9.9764750e-001
  9.9762150e-001
  9.9758750e-001
  9.9750100e-001
  9.9734050e-001
  9.9708750e-001
  9.9675800e-001
  9.9637800e-001
  9.9597350e-001
  9.9555500e-001
  9.9513650e-001
  9.9470300e-001
  9.9420950e-001
  9.9364800e-001
  9.9305000e-001
  9.9242100e-001
  9.9174150e-001
  9.9101400e-001
  9.9018450e-001
  9.8918500e-001
  9.8797850e-001
  9.8659650e-001
  9.8505500e-001
  9.8344500e-001
  9.8185950e-001
  9.8034950e-001
  9.7884850e-001
  9.7722100e-001
  9.7538650e-001
  9.7337000e-001
  9.7114600e-001
  9.6870050e-001
  9.6597250e-001
  9.6299700e-001
  9.5985650e-001
  9.5657100e-001
  9.5305400e-001
  9.4919250e-001
  9.4487400e-001
  9.4004950e-001
  9.3465900e-001
  9.2870350e-001

